       scheme I   12.07  14.00  19.50  22.10  24.00  24.46  26.46  26.58  26.90  28.06 
                  34.00  36.13  40.85  41.11  42.63  44.10  46.30  52.51  54.00  58.09 
                  62.68  64.17  72.13  72.25  83.63  86.90  90.09  91.22  91.56  94.38 
                  97.71 101.13 102.10 105.10 105.11 109.20 112.11 114.90 119.58 120.20 
                 121.90 123.60 126.50 126.95 129.25 130.10 136.31                      

    scheme II     12.07  14.00  17.95  22.10  23.11  24.00  24.46  26.46   6.58  28.06 
                  34.00  36.13  36.64  42.63  44.10  46.30  52.51  54.00  58.09  62.68 
                  64.17  72.13  72.25  86.90  90.09  91.22  91.56  94.38               
                  97.71 101.13 102.10 105.10 105.11 109.20 112.11 114.90 117.90 119.58 
                 120.20 121.90 122.50 123.60 126.50 126.95 129.25 130.10 136.31        

     scheme III   12.07  14.00  17.95  19.50  22.10  23.11  24.00  24.46  25.10  26.46 
                  26.58  26.90  28.06  34.00  36.13  36.64  40.85  41.11  42.63  44.10 
                  46.30  52.51  54.00  58.09  62.68  64.17  72.13  72.25  83.63  86.90 
                  90.09  91.22  91.56  94.38                                           
                 101.13 102.10 105.10 109.20 114.90 117.90 120.20 121.90 123.60 126.95 
                 129.25 130.10 136.31                                                  
